8.311290039062500000e+03
8.308294921875000000e+03
8.301349609375000000e+03
8.296850585937500000e+03
8.289795898437500000e+03
8.283681640625000000e+03
8.278797851562500000e+03
8.273574218750000000e+03
8.267466796875000000e+03
8.261559570312500000e+03
8.256540039062500000e+03
8.251511718750000000e+03
8.245884765625000000e+03
8.239984375000000000e+03
8.234566406250000000e+03
8.229420898437500000e+03
8.223979492187500000e+03
8.218409179687500000e+03
8.212975585937500000e+03
8.207719726562500000e+03
8.202415039062500000e+03
8.196945312500000000e+03
8.191475097656250000e+03
8.186198730468750000e+03
8.180893066406250000e+03
8.175458007812500000e+03
8.170108398437500000e+03
8.164828125000000000e+03
8.159530273437500000e+03
8.154159667968750000e+03
8.148783691406250000e+03
8.143469238281250000e+03
8.138189453125000000e+03
8.132857421875000000e+03
8.127509765625000000e+03
8.122210449218750000e+03
8.116902343750000000e+03
8.111573242187500000e+03
8.106280761718750000e+03
8.100964355468750000e+03
8.095661621093750000e+03
8.090370605468750000e+03
8.085069335937500000e+03
8.079782714843750000e+03
8.074481933593750000e+03
8.069206542968750000e+03
8.063907714843750000e+03
8.058623046875000000e+03
8.053324218750000000e+03
8.048045410156250000e+03
