1.279790039062500000e+04
1.249313085937500000e+04
1.208407031250000000e+04
1.178365234375000000e+04
1.152454394531250000e+04
1.131032031250000000e+04
1.115362011718750000e+04
1.100751562500000000e+04
1.089578222656250000e+04
1.079541601562500000e+04
1.070425000000000000e+04
1.062613769531250000e+04
1.054807031250000000e+04
1.047683984375000000e+04
1.041076367187500000e+04
1.034833496093750000e+04
1.028318554687500000e+04
1.022034472656250000e+04
1.015852148437500000e+04
1.009555664062500000e+04
1.003512597656250000e+04
9.977876953125000000e+03
9.917249023437500000e+03
9.857619140625000000e+03
9.799396484375000000e+03
9.739573242187500000e+03
9.680545898437500000e+03
9.623906250000000000e+03
9.565295898437500000e+03
9.506717773437500000e+03
9.450151367187500000e+03
9.391281250000000000e+03
9.333419921875000000e+03
9.276435546875000000e+03
9.218376953125000000e+03
9.161692382812500000e+03
9.103820312500000000e+03
9.046630859375000000e+03
8.989876953125000000e+03
8.933535156250000000e+03
8.877580078125000000e+03
8.818717773437500000e+03
8.762528320312500000e+03
8.706003906250000000e+03
8.649002929687500000e+03
8.592849609375000000e+03
8.536184570312500000e+03
8.480041015625000000e+03
8.423583984375000000e+03
8.367403320312500000e+03
