4.380082812500000000e+05
4.379470312500000000e+05
4.378921562500000000e+05
4.378409062500000000e+05
4.377915937500000000e+05
4.377432187500000000e+05
4.376953750000000000e+05
4.376518125000000000e+05
4.376096875000000000e+05
4.375676562500000000e+05
4.375253750000000000e+05
4.374825625000000000e+05
4.374399687500000000e+05
4.373975312500000000e+05
4.373550937500000000e+05
4.373134687500000000e+05
4.372707500000000000e+05
4.372281250000000000e+05
4.371873437500000000e+05
4.371466875000000000e+05
4.371063437500000000e+05
4.370653750000000000e+05
4.370244375000000000e+05
4.369834375000000000e+05
4.369429375000000000e+05
4.369026250000000000e+05
4.368627812500000000e+05
4.368235937500000000e+05
4.367865312500000000e+05
4.367447187500000000e+05
4.367059687500000000e+05
4.366664687500000000e+05
4.366264687500000000e+05
4.365882812500000000e+05
4.365460000000000000e+05
4.365084687500000000e+05
4.364687187500000000e+05
4.364306250000000000e+05
4.363905937500000000e+05
4.363540937500000000e+05
4.363149062500000000e+05
4.362753437500000000e+05
4.362378125000000000e+05
4.362020937500000000e+05
4.361604375000000000e+05
4.361255937500000000e+05
4.360857187500000000e+05
4.360480937500000000e+05
4.360113437500000000e+05
4.359708125000000000e+05
