8.042760742187500000e+03
8.042300292968750000e+03
8.041692871093750000e+03
8.041213867187500000e+03
8.040640625000000000e+03
8.040086914062500000e+03
8.039576171875000000e+03
8.039047363281250000e+03
8.038494628906250000e+03
8.037959960937500000e+03
8.037437011718750000e+03
8.036904785156250000e+03
8.036359863281250000e+03
8.035825195312500000e+03
8.035302246093750000e+03
8.034769531250000000e+03
8.034229492187500000e+03
8.033695312500000000e+03
8.033167480468750000e+03
8.032635742187500000e+03
8.032097656250000000e+03
8.031563964843750000e+03
8.031035644531250000e+03
8.030502929687500000e+03
8.029966308593750000e+03
8.029434570312500000e+03
8.028904785156250000e+03
8.028368652343750000e+03
8.027835449218750000e+03
8.027304199218750000e+03
8.026771972656250000e+03
8.026237304687500000e+03
8.025705078125000000e+03
8.025172363281250000e+03
8.024641113281250000e+03
8.024106933593750000e+03
8.023574218750000000e+03
8.023041992187500000e+03
8.022506835937500000e+03
8.021976074218750000e+03
8.021442382812500000e+03
8.020910156250000000e+03
8.020377929687500000e+03
8.019844238281250000e+03
8.019311523437500000e+03
8.018779785156250000e+03
8.018245605468750000e+03
8.017715332031250000e+03
8.017181640625000000e+03
8.016647949218750000e+03
