4.622340625000000000e+05
4.610811562500000000e+05
4.595632187500000000e+05
4.578393750000000000e+05
4.562616250000000000e+05
4.552385000000000000e+05
4.545089687500000000e+05
4.539346250000000000e+05
4.534306250000000000e+05
4.529752812500000000e+05
4.525545000000000000e+05
4.521469687500000000e+05
4.517503750000000000e+05
4.513527500000000000e+05
4.509978750000000000e+05
4.506612500000000000e+05
4.503246562500000000e+05
4.499884062500000000e+05
4.496546250000000000e+05
4.493483750000000000e+05
4.490235312500000000e+05
4.486959375000000000e+05
4.483940312500000000e+05
4.480798125000000000e+05
4.477772500000000000e+05
4.474804687500000000e+05
4.471864687500000000e+05
4.468870312500000000e+05
4.465918125000000000e+05
4.462939062500000000e+05
4.460030625000000000e+05
4.457135625000000000e+05
4.454208750000000000e+05
4.451200312500000000e+05
4.448237187500000000e+05
4.445231562500000000e+05
4.442245937500000000e+05
4.439207500000000000e+05
4.436120937500000000e+05
4.433020000000000000e+05
4.429881562500000000e+05
4.426741250000000000e+05
4.423550312500000000e+05
4.420403750000000000e+05
4.417124062500000000e+05
4.409447812500000000e+05
4.399458750000000000e+05
4.393397187500000000e+05
4.388536562500000000e+05
4.384203125000000000e+05
