4.359349375000000000e+05
4.359299687500000000e+05
4.359260937500000000e+05
4.359216562500000000e+05
4.359175000000000000e+05
4.359135625000000000e+05
4.359095937500000000e+05
4.359057500000000000e+05
4.359019375000000000e+05
4.358980937500000000e+05
4.358940937500000000e+05
4.358900937500000000e+05
4.358862812500000000e+05
4.358825937500000000e+05
4.358787500000000000e+05
4.358747187500000000e+05
4.358707187500000000e+05
4.358670000000000000e+05
4.358631562500000000e+05
4.358592812500000000e+05
4.358554687500000000e+05
4.358515625000000000e+05
4.358477812500000000e+05
4.358439062500000000e+05
4.358400625000000000e+05
4.358362500000000000e+05
4.358324062500000000e+05
4.358285937500000000e+05
4.358247187500000000e+05
4.358209062500000000e+05
4.358170625000000000e+05
4.358133125000000000e+05
4.358093750000000000e+05
4.358056250000000000e+05
4.358017187500000000e+05
4.357977500000000000e+05
4.357938750000000000e+05
4.357899687500000000e+05
4.357860625000000000e+05
4.357822812500000000e+05
4.357784375000000000e+05
4.357745937500000000e+05
4.357706875000000000e+05
4.357668750000000000e+05
4.357630000000000000e+05
4.357592187500000000e+05
4.357553125000000000e+05
4.357515625000000000e+05
4.357476250000000000e+05
4.357438437500000000e+05
