7.367845109693877166e+05
7.367845242346938467e+05
7.367845219387755496e+05
7.367844974489796441e+05
7.367845142857142491e+05
7.367845127551020123e+05
7.367845158163264859e+05
7.367845244897959055e+05
7.367845183673469583e+05
7.367845137755102478e+05
7.367845086734694196e+05
7.367845229591836687e+05
7.367845122448980110e+05
7.367845061224489473e+05
7.367845158163264859e+05
7.367845068877551239e+05
7.367845219387755496e+05
7.367845089285714785e+05
7.367844982142857043e+05
7.367845075255101547e+05
7.367845071428571828e+05
7.367845288265305571e+05
7.367845084183673607e+05
7.367845147959183669e+05
7.367845160714285448e+05
7.367845141581632197e+05
7.367845020408163546e+05
7.367845130102040712e+05
7.367845079081632430e+05
7.367845107142856577e+05
