3.556232451739194803e+05
2.710084958401046460e+05
1.700985064235740574e+05
8.364228351237486640e+04
3.093040771112734365e+04
8.843012627498108486e+03
2.695425173029826965e+03
1.121761477457461979e+03
7.361606794575517370e+02
7.362337082738174558e+02
6.647354907741008674e+02
5.179155409339468861e+02
5.458769541132139693e+02
5.687952879834090254e+02
5.091942286491524783e+02
5.515536570766638533e+02
6.022939568097136771e+02
4.847683058312339881e+02
5.071195255610733739e+02
5.166819272234265554e+02
4.923115510610705314e+02
4.666817396200645476e+02
5.601587115816458891e+02
5.334349270891497099e+02
5.597925549331300772e+02
4.938877811498574033e+02
4.884323711365728400e+02
5.591402875030415771e+02
4.743229579727764644e+02
6.251654938867444571e+02
5.884756336676688306e+02
4.806023369585417981e+02
4.181311176124527265e+02
5.019176977262135324e+02
5.576590045224760388e+02
4.542955923952155217e+02
4.382495094585319180e+02
4.547118850826817038e+02
4.937708198433271036e+02
5.827940955130138718e+02
