1.281099511718750000e+04
1.224277832031250000e+04
1.163111328125000000e+04
1.112772851562500000e+04
1.084641015625000000e+04
1.060815625000000000e+04
1.042249902343750000e+04
1.026478808593750000e+04
1.010967089843750000e+04
9.969476562500000000e+03
9.871102539062500000e+03
9.761768554687500000e+03
9.654602539062500000e+03
9.573493164062500000e+03
9.501012695312500000e+03
9.433486328125000000e+03
9.365172851562500000e+03
9.299269531250000000e+03
9.230808593750000000e+03
9.169131835937500000e+03
9.106409179687500000e+03
9.046853515625000000e+03
8.988309570312500000e+03
8.928853515625000000e+03
8.875085937500000000e+03
8.818377929687500000e+03
8.762042968750000000e+03
8.707000000000000000e+03
8.651890625000000000e+03
8.596860351562500000e+03
8.542295898437500000e+03
8.487013671875000000e+03
8.432520507812500000e+03
8.378649414062500000e+03
8.324834960937500000e+03
8.271297851562500000e+03
8.217402343750000000e+03
8.162880371093750000e+03
8.109711914062500000e+03
8.056119140625000000e+03
