7.346920166015625000e+02
7.343592529296875000e+02
7.307152099609375000e+02
7.313663330078125000e+02
7.295956420898437500e+02
7.279699707031250000e+02
7.265720214843750000e+02
7.255327758789062500e+02
7.264577026367187500e+02
7.247633056640625000e+02
7.247158813476562500e+02
7.238848876953125000e+02
7.224530639648437500e+02
7.215639038085937500e+02
7.210855712890625000e+02
7.203542480468750000e+02
7.203775024414062500e+02
7.198076171875000000e+02
7.177219848632812500e+02
7.171554565429687500e+02
7.177268066406250000e+02
7.172301635742187500e+02
7.158255004882812500e+02
7.159271240234375000e+02
7.184616699218750000e+02
7.135541381835937500e+02
7.146542968750000000e+02
7.131107177734375000e+02
7.133734130859375000e+02
7.131530151367187500e+02
7.125861206054687500e+02
7.112743530273437500e+02
7.100374145507812500e+02
7.113078613281250000e+02
7.093328857421875000e+02
7.091777343750000000e+02
7.077609863281250000e+02
7.076409912109375000e+02
7.076146240234375000e+02
7.067052612304687500e+02
