8.003312011718750000e+03
8.002339843750000000e+03
7.990976074218750000e+03
7.987215820312500000e+03
7.982675781250000000e+03
7.975096679687500000e+03
7.969561035156250000e+03
7.965450683593750000e+03
7.960278320312500000e+03
7.954108398437500000e+03
7.948248046875000000e+03
7.943477050781250000e+03
7.938689453125000000e+03
7.933192382812500000e+03
7.927462402343750000e+03
7.922245117187500000e+03
7.917406738281250000e+03
7.912204101562500000e+03
7.906666015625000000e+03
7.901509277343750000e+03
7.896504882812500000e+03
7.891467773437500000e+03
7.886233398437500000e+03
7.881064453125000000e+03
7.875926757812500000e+03
7.870857910156250000e+03
7.865765136718750000e+03
7.860592773437500000e+03
7.855450195312500000e+03
7.850391113281250000e+03
7.845372558593750000e+03
7.840314941406250000e+03
7.835183105468750000e+03
7.830088378906250000e+03
7.825071777343750000e+03
7.819977539062500000e+03
7.814948242187500000e+03
7.809882324218750000e+03
7.804804687500000000e+03
7.799730468750000000e+03
