3.676788391843403806e+05
2.749375031339428970e+05
1.434403276690496132e+05
4.243552264712115721e+04
5.868692326455246075e+03
7.547887544440708325e+02
4.031126009527402516e+02
2.343589255312809598e+02
2.604119293215061361e+02
1.933280790022114104e+02
1.947011734459897525e+02
1.934057626520261124e+02
1.954521379888234094e+02
1.686318335124056205e+02
1.645420082918148523e+02
1.802134947486893850e+02
2.025639391882582743e+02
1.493245370160266816e+02
1.590511246084468269e+02
1.802678827377096695e+02
