1.852545159386341993e+02
1.764259676081798318e+02
1.548587371358698874e+02
1.504804670275970864e+02
1.343531310042872065e+02
1.168526542575615110e+02
1.334147381076892032e+02
1.605987466926424077e+02
1.638911259046068949e+02
1.269620552267335540e+02
1.434041959842444101e+02
1.845905198619613827e+02
1.280876198196292250e+02
1.657375854318690642e+02
1.431181679371655662e+02
9.919640081016743238e+01
1.533478082312360868e+02
1.549884343072004356e+02
1.807115759106284827e+02
1.178337678386588294e+02
