6.945242335227614205e+01
6.193931846365669713e+01
5.797612504024614566e+01
5.518568310550482181e+01
5.755796399123091334e+01
5.485651255508687285e+01
6.626837335407998353e+01
5.000067046153630912e+01
6.704244382990570728e+01
5.796369685056750143e+01
8.002482878201929850e+01
5.295074175308422326e+01
6.906422274154813579e+01
5.771537481590731034e+01
5.763600064670293932e+01
6.030325872909738649e+01
5.614239414937048878e+01
6.095926416933910730e+01
5.671444755299880569e+01
5.665521651001684234e+01
