1.389506716144521477e+02
1.592910276553950837e+02
1.100409862356940920e+02
1.139495721143223932e+02
1.568040896348671538e+02
1.612356158092640612e+02
1.308636393870303607e+02
1.590192585103647787e+02
1.198481919236092494e+02
1.640150954635704466e+02
1.048403873249797158e+02
9.982139823743793272e+01
1.142327271539358975e+02
1.132542365677540346e+02
1.357467585413337190e+02
1.075628314734951942e+02
1.755428750496994041e+02
1.179307224297456003e+02
1.316526901579169646e+02
1.387330103116895543e+02
