3.375593139725918445e+04
1.309699751927604302e+04
1.493940800143873503e+03
3.923314949130325431e+02
2.514565937176075181e+02
1.556281242596870698e+02
2.141132097842696567e+02
1.782983115262041167e+02
1.414766544722016306e+02
1.799912118357142958e+02
1.352083156316596444e+02
1.133038262343014821e+02
1.091043520410212864e+02
1.008982381924418377e+02
1.033861078539816987e+02
8.387772066097588208e+01
9.474468300416607747e+01
9.365600755527840704e+01
7.747180461726996725e+01
1.149839419363029691e+02
