7.584423971515336405e+01
7.873903507021512382e+01
8.203186870604925218e+01
6.644716753829511902e+01
7.392984112820947473e+01
6.035644074160948946e+01
7.400983864302634174e+01
6.123850948343174849e+01
6.565439663322842989e+01
6.272979202726377679e+01
6.264582806839596429e+01
6.658453566684316627e+01
6.370050458919143921e+01
7.325524479586890436e+01
7.814913183618597259e+01
7.434777956735923965e+01
6.650593542247490575e+01
6.258155092727269420e+01
6.800328634353468260e+01
5.903698249751269600e+01
